{
  "advancedEditorSelectedIdentifier" : "ShaderGraphEditorPluginID",
  "openSceneRelativePaths" : [
    "Immersive.usda"
  ],
  "recentIdentifiers" : {
    "AF09ED6F-1707-48FD-8720-65B998362C09" : [

    ]
  },
  "sceneCameraHistory" : {
    "AF09ED6F-1707-48FD-8720-65B998362C09" : [
      {
        "date" : 764768693.581175,
        "title" : "Untitled",
        "transform" : [
          -0.98077214,
          -0.048067067,
          -0.18914421,
          0,
          -0.12475854,
          0.89971495,
          0.41826844,
          0,
          0.15007098,
          0.43382332,
          -0.8884121,
          0,
          0.05391643,
          0.39993113,
          -0.44056034,
          1
        ]
      },
      {
        "date" : 764768684.249864,
        "title" : "Untitled",
        "transform" : [
          -0.935032,
          -0.048067063,
          -0.35129,
          0,
          -0.19597562,
          0.89573383,
          0.3990668,
          0,
          0.29548043,
          0.4419845,
          -0.8469599,
          0,
          0.126044,
          0.40393943,
          -0.42272073,
          1
        ]
      },
      {
        "date" : 764768680.684411,
        "title" : "Untitled",
        "transform" : [
          -0.58661646,
          -0.04806706,
          -0.8084371,
          0,
          -0.21287037,
          0.97228813,
          0.09665345,
          0,
          0.78138804,
          0.2287908,
          -0.58059233,
          0,
          0.4059266,
          0.29450142,
          -0.325944,
          1
        ]
      },
      {
        "date" : 764768677.575075,
        "title" : "Untitled",
        "transform" : [
          0.14255801,
          -0.04806704,
          -0.98861855,
          0,
          0.20844777,
          0.9778772,
          -0.01748679,
          0,
          0.9675881,
          -0.20358248,
          0.1494237,
          0,
          0.5919165,
          0.04734439,
          0.071696535,
          1
        ]
      },
      {
        "date" : 764768538.521074,
        "title" : "Untitled",
        "transform" : [
          0.14255795,
          -0.048067037,
          -0.9886186,
          0,
          0.20844775,
          0.9778771,
          -0.01748679,
          0,
          0.96758807,
          -0.2035825,
          0.14942358,
          0,
          0.19118524,
          0.085312754,
          -0.0054928064,
          1
        ]
      },
      {
        "date" : 764768528.155315,
        "title" : "Untitled",
        "transform" : [
          0.25035298,
          -0.04806703,
          -0.9669605,
          0,
          0.28566405,
          0.9579677,
          0.026340459,
          0,
          0.925051,
          -0.28282034,
          0.25356108,
          0,
          0.16970402,
          0.045297638,
          0.047096632,
          1
        ]
      },
      {
        "date" : 764768448.982113,
        "title" : "Untitled",
        "transform" : [
          0.9870656,
          -0.048067033,
          -0.15294074,
          0,
          -0.084827945,
          0.65290874,
          -0.75267154,
          0,
          0.13603504,
          0.75590986,
          0.6403864,
          0,
          0.02489244,
          0.23765595,
          0.12017115,
          1
        ]
      },
      {
        "date" : 764768445.08208,
        "title" : "Untitled",
        "transform" : [
          0.99872947,
          -0.048067033,
          0.015128784,
          0,
          0.046958342,
          0.7788287,
          -0.6254764,
          0,
          0.018282063,
          0.62539214,
          0.78009635,
          0,
          0.002820359,
          0.21325079,
          0.14552046,
          1
        ]
      },
      {
        "date" : 764768443.128939,
        "title" : "Untitled",
        "transform" : [
          0.9987295,
          -0.048067033,
          0.015128786,
          0,
          0.046958342,
          0.7788287,
          -0.6254764,
          0,
          0.018282063,
          0.62539214,
          0.7800963,
          0,
          0.005146661,
          0.09633846,
          0.14880776,
          1
        ]
      },
      {
        "date" : 764768412.649595,
        "title" : "Untitled",
        "transform" : [
          0.99883896,
          -0.048067033,
          -0.0032047725,
          0,
          0.04817363,
          0.9964747,
          0.06868396,
          0,
          -0.00010795945,
          -0.0687586,
          0.9976333,
          0,
          0.0023137722,
          -0.010591909,
          0.18231821,
          1
        ]
      }
    ]
  },
  "sceneViewportBackgroundColors" : {

  }
}