{
  "advancedEditorSelectedIdentifier" : "ProjectBrowser",
  "openSceneRelativePaths" : [
    "Immersive.usda"
  ],
  "recentIdentifiers" : {
    "AF09ED6F-1707-48FD-8720-65B998362C09" : [

    ]
  },
  "sceneCameraHistory" : {
    "AF09ED6F-1707-48FD-8720-65B998362C09" : [
      {
        "date" : 764760990.996931,
        "title" : "Untitled",
        "transform" : [
          0.99736226,
          -2.2090205e-09,
          0.07258494,
          0,
          0.039354164,
          0.8402614,
          -0.5407515,
          0,
          -0.060990177,
          0.54218155,
          0.8380449,
          0,
          -0.012580544,
          0.59657943,
          0.5126256,
          1
        ]
      },
      {
        "date" : 764760977.195546,
        "title" : "Untitled",
        "transform" : [
          0.99915326,
          -1.8535292e-09,
          -0.04114278,
          0,
          -0.027082121,
          0.7528033,
          -0.65768826,
          0,
          0.030972555,
          0.6582455,
          0.7521658,
          0,
          0.04427308,
          0.6684408,
          0.4648762,
          1
        ]
      },
      {
        "date" : 764760972.544118,
        "title" : "Untitled",
        "transform" : [
          0.96735924,
          -1.5264845e-09,
          0.25340876,
          0,
          0.17695737,
          0.71579725,
          -0.675515,
          0,
          -0.18138914,
          0.69830817,
          0.69243306,
          0,
          -0.09712526,
          0.6936118,
          0.50121707,
          1
        ]
      },
      {
        "date" : 764760952.532869,
        "title" : "Untitled",
        "transform" : [
          -0.88575965,
          -9.745289e-10,
          0.4641441,
          0,
          0.091724694,
          0.9802785,
          0.17504483,
          0,
          -0.4549905,
          0.19762112,
          -0.8682911,
          0,
          -0.39267093,
          0.19356553,
          -0.3939941,
          1
        ]
      },
      {
        "date" : 764760948.757774,
        "title" : "Untitled",
        "transform" : [
          -0.88575965,
          -8.486909e-10,
          0.4641441,
          0,
          0.09172469,
          0.9802785,
          0.17504483,
          0,
          -0.4549905,
          0.1976211,
          -0.8682911,
          0,
          -0.3926709,
          0.1935655,
          -0.3939941,
          1
        ]
      },
      {
        "date" : 764760939.428053,
        "title" : "Untitled",
        "transform" : [
          -0.8857596,
          3.426195e-09,
          0.46414408,
          0,
          0.09172469,
          0.98027843,
          0.17504482,
          0,
          -0.45499048,
          0.19762103,
          -0.86829114,
          0,
          -0.42329293,
          0.17504847,
          -0.1351396,
          1
        ]
      },
      {
        "date" : 764760906.426351,
        "title" : "Untitled",
        "transform" : [
          -0.30437437,
          1.7654607e-09,
          0.95255244,
          0,
          0.3927578,
          0.91103846,
          0.12550007,
          0,
          -0.8678119,
          0.41232133,
          -0.27729675,
          0,
          -0.45219612,
          0.21857129,
          0.03068419,
          1
        ]
      },
      {
        "date" : 764760862.938943,
        "title" : "Untitled",
        "transform" : [
          -0.37683228,
          1.8487971e-09,
          0.92628145,
          0,
          0.3895814,
          0.9072525,
          0.15849054,
          0,
          -0.8403712,
          0.42058635,
          -0.341882,
          0,
          -0.45135954,
          0.22239313,
          -0.0034780353,
          1
        ]
      },
      {
        "date" : 764760839.492942,
        "title" : "Untitled",
        "transform" : [
          -0.99458396,
          1.8938984e-09,
          -0.10393603,
          0,
          -0.047113378,
          0.8913621,
          0.45083708,
          0,
          0.09264462,
          0.45329204,
          -0.88653433,
          0,
          0.059216235,
          0.27668488,
          -0.14884865,
          1
        ]
      },
      {
        "date" : 764760832.183846,
        "title" : "Untitled",
        "transform" : [
          -0.99458396,
          1.1504914e-09,
          -0.10393602,
          0,
          -0.04711337,
          0.891362,
          0.45083702,
          0,
          0.09264465,
          0.45329195,
          -0.88653445,
          0,
          0.046948645,
          0.40813246,
          -0.4820128,
          1
        ]
      }
    ]
  },
  "sceneViewportBackgroundColors" : {

  }
}