{
  "advancedEditorSelectedIdentifier" : "ShaderGraphEditorPluginID",
  "openSceneRelativePaths" : [
    "Immersive.usda"
  ],
  "recentIdentifiers" : {
    "AF09ED6F-1707-48FD-8720-65B998362C09" : [

    ]
  },
  "sceneCameraHistory" : {
    "AF09ED6F-1707-48FD-8720-65B998362C09" : [
      {
        "date" : 764849522.023897,
        "title" : "Untitled",
        "transform" : [
          -0.25746384,
          -3.2484184e-09,
          0.966288,
          0,
          0.883701,
          0.40451407,
          0.23545884,
          0,
          -0.39087728,
          0.91453165,
          -0.10414761,
          0,
          -0.41590932,
          1.0560068,
          -0.08385937,
          1
        ]
      },
      {
        "date" : 764849479.848377,
        "title" : "Untitled",
        "transform" : [
          -0.22182523,
          9.3027435e-09,
          0.9750865,
          0,
          0.45167646,
          0.88624495,
          0.102753155,
          0,
          -0.8641656,
          0.46321678,
          -0.19659136,
          0,
          -0.2522962,
          0.2074709,
          -0.03066092,
          1
        ]
      },
      {
        "date" : 764849451.434443,
        "title" : "Untitled",
        "transform" : [
          -0.57059467,
          9.522163e-09,
          0.8212319,
          0,
          0.36705133,
          0.89455783,
          0.2550285,
          0,
          -0.7346395,
          0.4469521,
          -0.51042986,
          0,
          -0.9119584,
          0.6616402,
          -0.73366636,
          1
        ]
      },
      {
        "date" : 764849435.085744,
        "title" : "Untitled",
        "transform" : [
          0.14872716,
          -4.188988e-09,
          -0.9888783,
          0,
          -0.5139725,
          0.85431653,
          -0.07730142,
          0,
          0.8448151,
          0.5197531,
          0.12706004,
          0,
          0.2512802,
          0.17643836,
          0.026505828,
          1
        ]
      },
      {
        "date" : 764849425.956309,
        "title" : "Untitled",
        "transform" : [
          0.14872716,
          -4.188988e-09,
          -0.9888783,
          0,
          -0.5139725,
          0.85431653,
          -0.07730142,
          0,
          0.8448151,
          0.5197531,
          0.12706004,
          0,
          0.23899186,
          0.19557808,
          0.029916994,
          1
        ]
      },
      {
        "date" : 764849415.561038,
        "title" : "Untitled",
        "transform" : [
          0.14872716,
          -4.188988e-09,
          -0.9888783,
          0,
          -0.5139725,
          0.85431653,
          -0.07730142,
          0,
          0.8448151,
          0.5197531,
          0.12706004,
          0,
          0.048017174,
          0.2486098,
          -0.021797717,
          1
        ]
      },
      {
        "date" : 764849408.219501,
        "title" : "Untitled",
        "transform" : [
          0.031570885,
          -5.6625296e-09,
          -0.9995016,
          0,
          -0.024582794,
          0.99969745,
          -0.00077650725,
          0,
          0.9991992,
          0.024595043,
          0.031561323,
          0,
          0.1212987,
          0.09769402,
          -0.0486515,
          1
        ]
      },
      {
        "date" : 764849405.228891,
        "title" : "Untitled",
        "transform" : [
          0.13554585,
          -5.5572977e-09,
          -0.9907711,
          0,
          -0.47141325,
          0.8795512,
          -0.06449333,
          0,
          0.871434,
          0.47580448,
          0.119219504,
          0,
          0.07231076,
          0.1802478,
          -0.034764,
          1
        ]
      },
      {
        "date" : 764849402.015898,
        "title" : "Untitled",
        "transform" : [
          0.2004355,
          -6.0355556e-09,
          -0.97970694,
          0,
          -0.3598225,
          0.9301121,
          -0.0736151,
          0,
          0.9112373,
          0.36727577,
          0.18642749,
          0,
          0.097764894,
          0.1621434,
          -0.020344613,
          1
        ]
      },
      {
        "date" : 764849394.431888,
        "title" : "Untitled",
        "transform" : [
          0.062261377,
          -3.1211043e-09,
          -0.9980599,
          0,
          -0.6102675,
          0.79128015,
          -0.038069956,
          0,
          0.789745,
          0.61145383,
          0.049266186,
          0,
          0.04855896,
          0.22048609,
          -0.05579727,
          1
        ]
      }
    ]
  },
  "sceneViewportBackgroundColors" : {

  }
}