{
  "advancedEditorSelectedIdentifier" : "StatisticsPluginID",
  "openSceneRelativePaths" : [
    "Planets.usda"
  ],
  "recentIdentifiers" : {
    "9B9A4F8F-B931-4708-BBEA-664263DD8D13" : [

    ]
  },
  "sceneCameraHistory" : {
    "9B9A4F8F-B931-4708-BBEA-664263DD8D13" : [
      {
        "date" : 763032898.281661,
        "title" : "Untitled",
        "transform" : [
          0.99999064,
          3.8290233e-09,
          -0.0043412037,
          0,
          -0.0022175652,
          0.85968935,
          -0.5108125,
          0,
          0.0037320843,
          0.5108173,
          0.85968125,
          0,
          0.4762956,
          1.4178677,
          0.03145981,
          1
        ]
      },
      {
        "date" : 763032672.651923,
        "title" : "Untitled",
        "transform" : [
          0.99999064,
          3.8290233e-09,
          -0.0043412037,
          0,
          -0.0022175652,
          0.85968935,
          -0.5108125,
          0,
          0.0037320843,
          0.5108173,
          0.85968125,
          0,
          2.7786148,
          1.5556368,
          -0.060396627,
          1
        ]
      },
      {
        "date" : 763032664.823308,
        "title" : "Untitled",
        "transform" : [
          0.99999064,
          3.8290233e-09,
          -0.0043412037,
          0,
          -0.0022175652,
          0.85968935,
          -0.5108125,
          0,
          0.0037320843,
          0.5108173,
          0.85968125,
          0,
          3.0020869,
          1.3563133,
          -0.39682427,
          1
        ]
      },
      {
        "date" : 763032658.274579,
        "title" : "Untitled",
        "transform" : [
          0.99999064,
          3.8290233e-09,
          -0.0043412037,
          0,
          -0.0022175652,
          0.85968935,
          -0.5108125,
          0,
          0.0037320843,
          0.5108173,
          0.85968125,
          0,
          2.6358273,
          1.3563133,
          -0.39523426,
          1
        ]
      },
      {
        "date" : 763032644.159814,
        "title" : "Untitled",
        "transform" : [
          0.99999064,
          3.8290233e-09,
          -0.0043412037,
          0,
          -0.0022175652,
          0.85968935,
          -0.5108125,
          0,
          0.0037320843,
          0.5108173,
          0.85968125,
          0,
          1.9566858,
          1.3563133,
          -0.39228585,
          1
        ]
      },
      {
        "date" : 763032629.752384,
        "title" : "Untitled",
        "transform" : [
          0.99999064,
          3.8290233e-09,
          -0.0043412037,
          0,
          -0.0022175652,
          0.85968935,
          -0.5108125,
          0,
          0.0037320843,
          0.5108173,
          0.85968125,
          0,
          1.1213175,
          1.3563133,
          -0.38865924,
          1
        ]
      },
      {
        "date" : 763032586.268114,
        "title" : "Untitled",
        "transform" : [
          0.99999064,
          3.8290233e-09,
          -0.0043412037,
          0,
          -0.0022175652,
          0.85968935,
          -0.5108125,
          0,
          0.0037320843,
          0.5108173,
          0.85968125,
          0,
          0.9427398,
          1.3563133,
          -0.387884,
          1
        ]
      },
      {
        "date" : 762961697.810558,
        "title" : "Untitled",
        "transform" : [
          0.99999064,
          3.8290233e-09,
          -0.0043412037,
          0,
          -0.0022175652,
          0.85968935,
          -0.5108125,
          0,
          0.0037320843,
          0.5108173,
          0.85968125,
          0,
          0.94084567,
          1.0970652,
          -0.8241864,
          1
        ]
      },
      {
        "date" : 762961661.024191,
        "title" : "Untitled",
        "transform" : [
          0.99999064,
          3.8290233e-09,
          -0.0043412037,
          0,
          -0.0022175652,
          0.85968935,
          -0.5108125,
          0,
          0.0037320843,
          0.5108173,
          0.85968125,
          0,
          1.8384444,
          1.857156,
          0.6478035,
          1
        ]
      },
      {
        "date" : 762952237.372026,
        "title" : "Untitled",
        "transform" : [
          0.99999064,
          3.8290233e-09,
          -0.0043412037,
          0,
          -0.0022175652,
          0.85968935,
          -0.5108125,
          0,
          0.0037320843,
          0.5108173,
          0.85968125,
          0,
          1.0201207,
          1.0642048,
          -0.97427934,
          1
        ]
      }
    ],
    "D66134B1-3681-4A8E-AFE5-29F257229F3B" : [
      {
        "date" : 762710925.415249,
        "title" : "Untitled",
        "transform" : [
          0.999973,
          4.1870094e-10,
          -0.00734208,
          0,
          -0.0033331567,
          0.89101195,
          -0.45396763,
          0,
          0.006541881,
          0.4539799,
          0.89098793,
          0,
          0.007088809,
          0.1287684,
          0.30524078,
          1
        ]
      }
    ]
  },
  "sceneViewportBackgroundColors" : {

  },
  "selectedSceneRelativePath" : "Planets.usda"
}