{
  "advancedEditorSelectedIdentifier" : "ProjectBrowser",
  "openSceneRelativePaths" : [
    "Planets.usda"
  ],
  "recentIdentifiers" : {

  },
  "sceneCameraHistory" : {
    "9B9A4F8F-B931-4708-BBEA-664263DD8D13" : [
      {
        "date" : 762711779.861212,
        "title" : "Untitled",
        "transform" : [
          0.8739387,
          4.119265e-10,
          -0.48603624,
          0,
          -0.3394442,
          0.71571463,
          -0.61035246,
          0,
          0.3478633,
          0.6983929,
          0.6254907,
          0,
          0.3352785,
          1.5989525,
          -0.38058722,
          1
        ]
      },
      {
        "date" : 762711193.014052,
        "title" : "Untitled",
        "transform" : [
          0.9999965,
          -5.096732e-09,
          0.0026556072,
          0,
          0.00063948677,
          0.9705735,
          -0.24080455,
          0,
          -0.002577453,
          0.24080543,
          0.97057,
          0,
          -0.010904508,
          1.1599275,
          -0.08811116,
          1
        ]
      },
      {
        "date" : 762711186.950076,
        "title" : "Untitled",
        "transform" : [
          0.99842787,
          -5.0732765e-09,
          -0.05605215,
          0,
          -0.023043877,
          0.9115835,
          -0.41046867,
          0,
          0.051096223,
          0.41111505,
          0.91015035,
          0,
          0.04019991,
          1.3210196,
          -0.13269866,
          1
        ]
      },
      {
        "date" : 762711139.247377,
        "title" : "Untitled",
        "transform" : [
          0.9998325,
          -6.7831674e-09,
          0.018302198,
          0,
          0.002204116,
          0.992722,
          -0.12040852,
          0,
          -0.018168993,
          0.120428674,
          0.99255574,
          0,
          -0.02540448,
          1.047324,
          -0.07563378,
          1
        ]
      },
      {
        "date" : 762711133.197402,
        "title" : "Untitled",
        "transform" : [
          0.99993885,
          -6.7588757e-09,
          -0.011065131,
          0,
          -0.0056429775,
          0.860187,
          -0.50994766,
          0,
          0.009518085,
          0.5099789,
          0.8601343,
          0,
          0.0011891997,
          1.1833141,
          -0.55077785,
          1
        ]
      },
      {
        "date" : 762711123.623413,
        "title" : "Untitled",
        "transform" : [
          0.99993885,
          -6.6620416e-09,
          -0.011065131,
          0,
          -0.0056429654,
          0.860187,
          -0.50994766,
          0,
          0.009518057,
          0.50997895,
          0.86013424,
          0,
          0.0052382965,
          0.32511005,
          0.010522604,
          1
        ]
      },
      {
        "date" : 762711115.979483,
        "title" : "Untitled",
        "transform" : [
          0.9999735,
          -6.3067014e-09,
          0.007289939,
          0,
          0.0024401185,
          0.94231707,
          -0.33471283,
          0,
          -0.006869457,
          0.3347218,
          0.942292,
          0,
          -0.013629213,
          0.12434845,
          0.054211974,
          1
        ]
      },
      {
        "date" : 762711109.624069,
        "title" : "Untitled",
        "transform" : [
          0.9984871,
          -6.405499e-09,
          0.054986503,
          0,
          0.021040358,
          0.9238952,
          -0.38206664,
          0,
          -0.050801784,
          0.38264567,
          0.9224974,
          0,
          -0.07145241,
          0.23832403,
          0.18948781,
          1
        ]
      },
      {
        "date" : 762711085.723992,
        "title" : "Untitled",
        "transform" : [
          0.998279,
          -7.7042435e-09,
          0.05864381,
          0,
          0.0433564,
          0.6733572,
          -0.73804486,
          0,
          -0.03948825,
          0.7393174,
          0.6721983,
          0,
          0.022585783,
          0.39267486,
          0.34516764,
          1
        ]
      },
      {
        "date" : 762711076.795383,
        "title" : "Untitled",
        "transform" : [
          0.9982791,
          -7.704244e-09,
          0.058643818,
          0,
          0.0433564,
          0.6733572,
          -0.73804486,
          0,
          -0.03948825,
          0.7393174,
          0.6721983,
          0,
          0.014875573,
          0.3610869,
          0.37945646,
          1
        ]
      }
    ],
    "D66134B1-3681-4A8E-AFE5-29F257229F3B" : [
      {
        "date" : 762710925.415249,
        "title" : "Untitled",
        "transform" : [
          0.999973,
          4.1870094e-10,
          -0.00734208,
          0,
          -0.0033331567,
          0.89101195,
          -0.45396763,
          0,
          0.006541881,
          0.4539799,
          0.89098793,
          0,
          0.007088809,
          0.1287684,
          0.30524078,
          1
        ]
      }
    ]
  },
  "sceneViewportBackgroundColors" : {

  },
  "selectedSceneRelativePath" : "Planets.usda"
}