{
  "advancedEditorSelectedIdentifier" : "ProjectBrowser",
  "openSceneRelativePaths" : [
    "Planets.usda"
  ],
  "recentIdentifiers" : {
    "9B9A4F8F-B931-4708-BBEA-664263DD8D13" : [

    ]
  },
  "sceneCameraHistory" : {
    "9B9A4F8F-B931-4708-BBEA-664263DD8D13" : [
      {
        "date" : 762897996.165141,
        "title" : "Untitled",
        "transform" : [
          0.99586594,
          0.00023014263,
          0.0908352,
          0,
          0.032005463,
          0.93497807,
          -0.35325873,
          0,
          -0.085010216,
          0.35470557,
          0.93110543,
          0,
          0.9219211,
          1.0573502,
          -0.81619906,
          1
        ]
      },
      {
        "date" : 762897912.980977,
        "title" : "Untitled",
        "transform" : [
          0.99586594,
          0.00023014263,
          0.0908352,
          0,
          0.032005463,
          0.93497807,
          -0.35325873,
          0,
          -0.085010216,
          0.35470557,
          0.93110543,
          0,
          0.42961192,
          1.0335709,
          -0.8924426,
          1
        ]
      },
      {
        "date" : 762897900.675106,
        "title" : "Untitled",
        "transform" : [
          0.99586594,
          0.00023014263,
          0.0908352,
          0,
          0.032005463,
          0.93497807,
          -0.35325873,
          0,
          -0.085010216,
          0.35470557,
          0.93110543,
          0,
          3.03482,
          1.1705128,
          -0.48406944,
          1
        ]
      },
      {
        "date" : 762897882.565641,
        "title" : "Untitled",
        "transform" : [
          0.99586594,
          0.00023014263,
          0.0908352,
          0,
          0.032005463,
          0.93497807,
          -0.35325873,
          0,
          -0.085010216,
          0.35470557,
          0.93110543,
          0,
          0.6723545,
          1.0559515,
          -0.8207374,
          1
        ]
      },
      {
        "date" : 762897877.503102,
        "title" : "Untitled",
        "transform" : [
          0.99586594,
          0.0002301389,
          0.0908352,
          0,
          0.032005467,
          0.93497807,
          -0.35325873,
          0,
          -0.085010216,
          0.35470557,
          0.93110543,
          0,
          0.6723545,
          1.0559515,
          -0.8207374,
          1
        ]
      },
      {
        "date" : 762897874.167902,
        "title" : "Untitled",
        "transform" : [
          0.99586594,
          0.00023013518,
          0.0908352,
          0,
          0.03200547,
          0.93497807,
          -0.35325873,
          0,
          -0.085010216,
          0.35470557,
          0.93110543,
          0,
          0.6723545,
          1.0559514,
          -0.8207374,
          1
        ]
      },
      {
        "date" : 762897870.328109,
        "title" : "Untitled",
        "transform" : [
          0.99586594,
          0.00023013196,
          0.0908352,
          0,
          0.032005474,
          0.93497807,
          -0.35325873,
          0,
          -0.085010216,
          0.35470557,
          0.93110543,
          0,
          0.67235446,
          1.0559514,
          -0.8207373,
          1
        ]
      },
      {
        "date" : 762897844.341922,
        "title" : "Untitled",
        "transform" : [
          0.99586594,
          0.00023013062,
          0.09083519,
          0,
          0.03200547,
          0.93497807,
          -0.35325873,
          0,
          -0.08501021,
          0.35470557,
          0.93110543,
          0,
          2.2356224,
          1.2337909,
          0.00038981438,
          1
        ]
      },
      {
        "date" : 762885984.229029,
        "title" : "Untitled",
        "transform" : [
          0.99586594,
          0.000230128,
          0.09083519,
          0,
          0.03200547,
          0.9349781,
          -0.35325873,
          0,
          -0.08501021,
          0.3547055,
          0.9311055,
          0,
          0.68407136,
          1.6398162,
          1.2446141,
          1
        ]
      },
      {
        "date" : 762885960.799813,
        "title" : "Untitled",
        "transform" : [
          0.99586594,
          0.000230128,
          0.09083519,
          0,
          0.03200547,
          0.9349781,
          -0.35325873,
          0,
          -0.08501021,
          0.3547055,
          0.9311055,
          0,
          0.4292351,
          1.5033852,
          1.2733212,
          1
        ]
      }
    ],
    "D66134B1-3681-4A8E-AFE5-29F257229F3B" : [
      {
        "date" : 762710925.415249,
        "title" : "Untitled",
        "transform" : [
          0.999973,
          4.1870094e-10,
          -0.00734208,
          0,
          -0.0033331567,
          0.89101195,
          -0.45396763,
          0,
          0.006541881,
          0.4539799,
          0.89098793,
          0,
          0.007088809,
          0.1287684,
          0.30524078,
          1
        ]
      }
    ]
  },
  "sceneViewportBackgroundColors" : {

  },
  "selectedSceneRelativePath" : "Planets.usda"
}