{
  "advancedEditorSelectedIdentifier" : "ProjectBrowser",
  "openSceneRelativePaths" : [
    "Planets.usda"
  ],
  "recentIdentifiers" : {
    "9B9A4F8F-B931-4708-BBEA-664263DD8D13" : [

    ]
  },
  "sceneCameraHistory" : {
    "9B9A4F8F-B931-4708-BBEA-664263DD8D13" : [
      {
        "date" : 762952237.372026,
        "title" : "Untitled",
        "transform" : [
          0.99999064,
          3.8290233e-09,
          -0.0043412037,
          0,
          -0.0022175652,
          0.85968935,
          -0.5108125,
          0,
          0.0037320843,
          0.5108173,
          0.85968125,
          0,
          1.0201207,
          1.0642048,
          -0.97427934,
          1
        ]
      },
      {
        "date" : 762950415.255905,
        "title" : "Untitled",
        "transform" : [
          0.99999064,
          3.8290233e-09,
          -0.0043412037,
          0,
          -0.0022175652,
          0.85968935,
          -0.5108125,
          0,
          0.0037320843,
          0.5108173,
          0.85968125,
          0,
          0.9590889,
          1.1046238,
          -0.81777394,
          1
        ]
      },
      {
        "date" : 762949681.430769,
        "title" : "Untitled",
        "transform" : [
          0.99999064,
          3.8290233e-09,
          -0.0043412037,
          0,
          -0.0022175652,
          0.85968935,
          -0.5108125,
          0,
          0.0037320843,
          0.5108173,
          0.85968125,
          0,
          2.1409779,
          1.7510395,
          0.4699452,
          1
        ]
      },
      {
        "date" : 762949609.384297,
        "title" : "Untitled",
        "transform" : [
          0.99999064,
          3.8290233e-09,
          -0.0043412037,
          0,
          -0.0022175652,
          0.85968935,
          -0.5108125,
          0,
          0.0037320843,
          0.5108173,
          0.85968125,
          0,
          0.9735831,
          1.0946975,
          -0.8297552,
          1
        ]
      },
      {
        "date" : 762949515.934597,
        "title" : "Untitled",
        "transform" : [
          0.99999064,
          3.8290233e-09,
          -0.0043412037,
          0,
          -0.0022175652,
          0.85968935,
          -0.5108125,
          0,
          0.0037320843,
          0.5108173,
          0.85968125,
          0,
          0.69130385,
          1.0946975,
          -0.82852983,
          1
        ]
      },
      {
        "date" : 762949507.287498,
        "title" : "Untitled",
        "transform" : [
          0.99999064,
          3.8290233e-09,
          -0.0043412037,
          0,
          -0.0022175652,
          0.85968935,
          -0.5108125,
          0,
          0.0037320843,
          0.5108173,
          0.85968125,
          0,
          0.00048321486,
          1.0568187,
          -0.897118,
          1
        ]
      },
      {
        "date" : 762949495.131168,
        "title" : "Untitled",
        "transform" : [
          0.99999064,
          3.8290233e-09,
          -0.0043412037,
          0,
          -0.0022175652,
          0.85968935,
          -0.5108125,
          0,
          0.0037320843,
          0.5108173,
          0.85968125,
          0,
          0.9410483,
          1.3962865,
          -0.12424459,
          1
        ]
      },
      {
        "date" : 762949425.255309,
        "title" : "Untitled",
        "transform" : [
          0.99999064,
          3.8290233e-09,
          -0.0043412037,
          0,
          -0.0022175652,
          0.85968935,
          -0.5108125,
          0,
          0.0037320843,
          0.5108173,
          0.85968125,
          0,
          2.3454542,
          1.4984498,
          0.04159808,
          1
        ]
      },
      {
        "date" : 762949419.480878,
        "title" : "Untitled",
        "transform" : [
          0.99999064,
          3.8290233e-09,
          -0.0043412037,
          0,
          -0.0022175652,
          0.85968935,
          -0.5108125,
          0,
          0.0037320843,
          0.5108173,
          0.85968125,
          0,
          1.8386952,
          1.8572413,
          0.6479475,
          1
        ]
      },
      {
        "date" : 762949415.953592,
        "title" : "Untitled",
        "transform" : [
          0.99999064,
          3.8290233e-09,
          -0.0043412037,
          0,
          -0.0022175652,
          0.85968935,
          -0.5108125,
          0,
          0.0037320843,
          0.5108173,
          0.85968125,
          0,
          3.0929174,
          1.2751166,
          -0.51977426,
          1
        ]
      }
    ],
    "D66134B1-3681-4A8E-AFE5-29F257229F3B" : [
      {
        "date" : 762710925.415249,
        "title" : "Untitled",
        "transform" : [
          0.999973,
          4.1870094e-10,
          -0.00734208,
          0,
          -0.0033331567,
          0.89101195,
          -0.45396763,
          0,
          0.006541881,
          0.4539799,
          0.89098793,
          0,
          0.007088809,
          0.1287684,
          0.30524078,
          1
        ]
      }
    ]
  },
  "sceneViewportBackgroundColors" : {

  },
  "selectedSceneRelativePath" : "Planets.usda"
}