{
  "advancedEditorSelectedIdentifier" : "ProjectBrowser",
  "openSceneRelativePaths" : [
    "Planets.usda"
  ],
  "recentIdentifiers" : {
    "9B9A4F8F-B931-4708-BBEA-664263DD8D13" : [

    ]
  },
  "sceneCameraHistory" : {
    "9B9A4F8F-B931-4708-BBEA-664263DD8D13" : [
      {
        "date" : 762796136.251462,
        "title" : "Untitled",
        "transform" : [
          0.99680585,
          0.00023013997,
          0.07986229,
          0,
          0.024900887,
          0.9492493,
          -0.31353718,
          0,
          -0.07588137,
          0.31452435,
          0.9462116,
          0,
          -0.43226254,
          1.7110959,
          1.0318686,
          1
        ]
      },
      {
        "date" : 762796129.376219,
        "title" : "Untitled",
        "transform" : [
          0.99680585,
          0.00023013997,
          0.07986229,
          0,
          0.024900887,
          0.9492493,
          -0.31353718,
          0,
          -0.07588137,
          0.31452435,
          0.9462116,
          0,
          0.7138087,
          1.4658889,
          0.3805196,
          1
        ]
      },
      {
        "date" : 762796098.025376,
        "title" : "Untitled",
        "transform" : [
          0.99680585,
          0.00023013997,
          0.07986229,
          0,
          0.024900887,
          0.9492493,
          -0.31353718,
          0,
          -0.07588137,
          0.31452435,
          0.9462116,
          0,
          0.8218866,
          1.3997624,
          0.188903,
          1
        ]
      },
      {
        "date" : 762796095.188757,
        "title" : "Untitled",
        "transform" : [
          0.99680585,
          0.00023013997,
          0.07986229,
          0,
          0.024900887,
          0.9492493,
          -0.31353718,
          0,
          -0.07588137,
          0.31452435,
          0.9462116,
          0,
          -0.041057367,
          1.3995636,
          0.119765416,
          1
        ]
      },
      {
        "date" : 762796070.887051,
        "title" : "Untitled",
        "transform" : [
          0.99680585,
          0.00023013997,
          0.07986229,
          0,
          0.024900887,
          0.9492493,
          -0.31353718,
          0,
          -0.07588137,
          0.31452435,
          0.9462116,
          0,
          -0.68743414,
          1.3994145,
          0.067978926,
          1
        ]
      },
      {
        "date" : 762795648.136935,
        "title" : "Untitled",
        "transform" : [
          0.99680585,
          0.00023013997,
          0.07986229,
          0,
          0.024900887,
          0.9492493,
          -0.31353718,
          0,
          -0.07588137,
          0.31452435,
          0.9462116,
          0,
          -1.1889818,
          1.3992985,
          0.027795855,
          1
        ]
      },
      {
        "date" : 762795638.482883,
        "title" : "Untitled",
        "transform" : [
          0.99680585,
          0.00023013997,
          0.07986229,
          0,
          0.024900887,
          0.9492493,
          -0.31353718,
          0,
          -0.07588137,
          0.31452435,
          0.9462116,
          0,
          -0.74539787,
          1.2690307,
          -0.3313668,
          1
        ]
      },
      {
        "date" : 762795635.013623,
        "title" : "Untitled",
        "transform" : [
          0.99680585,
          0.00023013997,
          0.07986229,
          0,
          0.024900887,
          0.9492493,
          -0.31353718,
          0,
          -0.07588137,
          0.31452435,
          0.9462116,
          0,
          -0.26808935,
          1.2691407,
          -0.29312578,
          1
        ]
      },
      {
        "date" : 762795629.066214,
        "title" : "Untitled",
        "transform" : [
          0.99680585,
          0.00023013997,
          0.07986229,
          0,
          0.024900887,
          0.9492493,
          -0.31353718,
          0,
          -0.07588137,
          0.31452435,
          0.9462116,
          0,
          1.4731075,
          1.1558802,
          -0.4977363,
          1
        ]
      },
      {
        "date" : 762795626.675812,
        "title" : "Untitled",
        "transform" : [
          0.99680585,
          0.00023013997,
          0.07986229,
          0,
          0.024900887,
          0.9492493,
          -0.31353718,
          0,
          -0.07588137,
          0.31452435,
          0.9462116,
          0,
          1.0957226,
          1.3167254,
          -0.040742643,
          1
        ]
      }
    ],
    "D66134B1-3681-4A8E-AFE5-29F257229F3B" : [
      {
        "date" : 762710925.415249,
        "title" : "Untitled",
        "transform" : [
          0.999973,
          4.1870094e-10,
          -0.00734208,
          0,
          -0.0033331567,
          0.89101195,
          -0.45396763,
          0,
          0.006541881,
          0.4539799,
          0.89098793,
          0,
          0.007088809,
          0.1287684,
          0.30524078,
          1
        ]
      }
    ]
  },
  "sceneViewportBackgroundColors" : {

  },
  "selectedSceneRelativePath" : "Planets.usda"
}