{
  "advancedEditorSelectedIdentifier" : "ShaderGraphEditorPluginID",
  "openSceneRelativePaths" : [
    "BubbleScene.usda"
  ],
  "recentIdentifiers" : {
    "51BF2572-BC8A-4D8A-B537-AF913BFFA638" : [

    ]
  },
  "sceneCameraHistory" : {
    "51BF2572-BC8A-4D8A-B537-AF913BFFA638" : [
      {
        "date" : 764345083.581539,
        "title" : "Untitled",
        "transform" : [
          0.9901396,
          3.1464893e-08,
          -0.14008403,
          0,
          -0.07486855,
          0.84519726,
          -0.5291845,
          0,
          0.11839863,
          0.5344544,
          0.83686334,
          0,
          0.07898505,
          1.0158468,
          0.017103255,
          1
        ]
      },
      {
        "date" : 764344998.764575,
        "title" : "Untitled",
        "transform" : [
          0.9902504,
          3.1464893e-08,
          -0.13929835,
          0,
          -0.074448645,
          0.84519726,
          -0.52924377,
          0,
          0.117734574,
          0.5344544,
          0.836957,
          0,
          0.0626868,
          0.94759065,
          -0.08960807,
          1
        ]
      },
      {
        "date" : 764344674.042917,
        "title" : "Untitled",
        "transform" : [
          0.9902504,
          3.6495827e-08,
          -0.13929833,
          0,
          -0.07444863,
          0.8451973,
          -0.5292437,
          0,
          0.117734574,
          0.53445435,
          0.83695704,
          0,
          0.0053240955,
          0.9279794,
          -0.051199317,
          1
        ]
      },
      {
        "date" : 764344670.073644,
        "title" : "Untitled",
        "transform" : [
          0.98108274,
          3.6593633e-08,
          -0.19358885,
          0,
          -0.111674175,
          0.8168412,
          -0.5659498,
          0,
          0.15813135,
          0.57686245,
          0.80138886,
          0,
          0.075465485,
          1.0016131,
          -0.11295688,
          1
        ]
      },
      {
        "date" : 764344661.031972,
        "title" : "Untitled",
        "transform" : [
          0.9733165,
          3.6642962e-08,
          -0.22946659,
          0,
          -0.12996921,
          0.8241325,
          -0.5512835,
          0,
          0.18911088,
          0.56639695,
          0.80214185,
          0,
          0.12925562,
          0.9834417,
          -0.111649394,
          1
        ]
      },
      {
        "date" : 764344626.503235,
        "title" : "Untitled",
        "transform" : [
          0.97963494,
          3.6576417e-08,
          -0.20078683,
          0,
          -0.11160524,
          0.83128977,
          -0.54451954,
          0,
          0.16691202,
          0.5558393,
          0.8143605,
          0,
          0.09071154,
          0.9651103,
          -0.09043386,
          1
        ]
      },
      {
        "date" : 764344590.277966,
        "title" : "Untitled",
        "transform" : [
          0.97963494,
          4.7332005e-08,
          -0.20078683,
          0,
          -0.11160525,
          0.83128977,
          -0.54451954,
          0,
          0.16691202,
          0.55583924,
          0.81436056,
          0,
          0.10081136,
          0.9424802,
          -0.07326126,
          1
        ]
      },
      {
        "date" : 764344562.833572,
        "title" : "Untitled",
        "transform" : [
          0.9810827,
          4.923615e-08,
          -0.19358885,
          0,
          -0.11167419,
          0.8168412,
          -0.5659498,
          0,
          0.15813135,
          0.5768625,
          0.8013889,
          0,
          0.08592284,
          0.9781271,
          -0.0952561,
          1
        ]
      },
      {
        "date" : 764344525.649325,
        "title" : "Untitled",
        "transform" : [
          0.9810828,
          5.4815565e-08,
          -0.19358887,
          0,
          -0.11167418,
          0.81684124,
          -0.56594986,
          0,
          0.15813132,
          0.5768625,
          0.8013888,
          0,
          0.023608651,
          0.9615929,
          -0.21710801,
          1
        ]
      },
      {
        "date" : 764344523.570938,
        "title" : "Untitled",
        "transform" : [
          0.9810828,
          5.4815565e-08,
          -0.19358887,
          0,
          -0.11167418,
          0.81684124,
          -0.56594986,
          0,
          0.15813132,
          0.5768625,
          0.8013888,
          0,
          0.021518365,
          0.9539675,
          -0.2277013,
          1
        ]
      }
    ]
  },
  "sceneViewportBackgroundColors" : {

  },
  "selectedSceneRelativePath" : "BubbleScene.usda"
}