{
  "advancedEditorSelectedIdentifier" : "StatisticsPluginID",
  "openSceneRelativePaths" : [
    "BubbleScene.usda"
  ],
  "recentIdentifiers" : {
    "51BF2572-BC8A-4D8A-B537-AF913BFFA638" : [

    ]
  },
  "sceneCameraHistory" : {
    "4B05D599-8687-4415-BC8D-742A739029AA" : [
      {
        "date" : 764603478.939144,
        "title" : "Untitled",
        "transform" : [
          0.9923078,
          -1.2990142e-10,
          0.12379539,
          0,
          0.017964138,
          0.98941535,
          -0.14399533,
          0,
          -0.122485064,
          0.14511155,
          0.98180443,
          0,
          -0.07721594,
          0.68901885,
          -0.33037806,
          1
        ]
      },
      {
        "date" : 764603477.231014,
        "title" : "Untitled",
        "transform" : [
          0.9923078,
          -1.2990142e-10,
          0.12379539,
          0,
          0.017964138,
          0.98941535,
          -0.14399533,
          0,
          -0.122485064,
          0.14511155,
          0.98180443,
          0,
          -0.06440521,
          0.6412784,
          -0.32172385,
          1
        ]
      },
      {
        "date" : 764603473.273469,
        "title" : "Untitled",
        "transform" : [
          0.9923078,
          -1.2990142e-10,
          0.12379539,
          0,
          0.017964138,
          0.98941535,
          -0.14399533,
          0,
          -0.122485064,
          0.14511155,
          0.98180443,
          0,
          0.0055143796,
          0.8473356,
          -0.29213747,
          1
        ]
      },
      {
        "date" : 764603468.539133,
        "title" : "Untitled",
        "transform" : [
          0.9999736,
          -2.5213964e-10,
          -0.0072631203,
          0,
          -0.0051358016,
          0.70710677,
          -0.7070881,
          0,
          0.005135802,
          0.70710677,
          0.7070881,
          0,
          0.015517268,
          0.86395407,
          -0.25394064,
          1
        ]
      },
      {
        "date" : 764603466.72719,
        "title" : "Untitled",
        "transform" : [
          0.9999736,
          -2.5213964e-10,
          -0.0072631203,
          0,
          -0.0051358016,
          0.70710677,
          -0.7070881,
          0,
          0.005135802,
          0.70710677,
          0.7070881,
          0,
          0.0012486316,
          0.9048829,
          -0.29476672,
          1
        ]
      },
      {
        "date" : 764603464.278736,
        "title" : "Untitled",
        "transform" : [
          0.9999736,
          0,
          -0.00726312,
          0,
          -0.0051358007,
          0.7071068,
          -0.70708805,
          0,
          0.005135802,
          0.70710677,
          0.70708823,
          0,
          0.023629796,
          1.0222745,
          0.91400045,
          1
        ]
      },
      {
        "date" : 764603462.184563,
        "title" : "Untitled",
        "transform" : [
          1,
          0,
          0,
          0,
          0,
          0.7071069,
          -0.70710677,
          0,
          0,
          0.70710677,
          0.7071069,
          0,
          0.024203122,
          1.905803,
          1.7517774,
          1
        ]
      }
    ],
    "51BF2572-BC8A-4D8A-B537-AF913BFFA638" : [
      {
        "date" : 764447186.327789,
        "title" : "Untitled",
        "transform" : [
          0.79340583,
          8.3263965e-09,
          -0.60869294,
          0,
          -0.30937296,
          0.8612049,
          -0.40325475,
          0,
          0.5242094,
          0.5082578,
          0.6832851,
          0,
          0.6947103,
          0.9345511,
          0.15352927,
          1
        ]
      },
      {
        "date" : 764447182.729272,
        "title" : "Untitled",
        "transform" : [
          0.79340595,
          8.326397e-09,
          -0.608693,
          0,
          -0.30937296,
          0.8612049,
          -0.40325475,
          0,
          0.5242094,
          0.5082578,
          0.6832851,
          0,
          0.6931902,
          0.93307734,
          0.15154791,
          1
        ]
      },
      {
        "date" : 764447135.347112,
        "title" : "Untitled",
        "transform" : [
          0.80212486,
          2.1352456e-08,
          0.59715647,
          0,
          0.30971482,
          0.85498697,
          -0.41602162,
          0,
          -0.510561,
          0.51864946,
          0.6858063,
          0,
          -0.23838913,
          0.93071735,
          -0.17135265,
          1
        ]
      },
      {
        "date" : 764447044.683151,
        "title" : "Untitled",
        "transform" : [
          0.9520719,
          2.2630807e-08,
          -0.305874,
          0,
          -0.18780808,
          0.7893024,
          -0.5845766,
          0,
          0.2414271,
          0.6140046,
          0.7514728,
          0,
          0.1199809,
          0.9760989,
          -0.1430085,
          1
        ]
      },
      {
        "date" : 764447042.204359,
        "title" : "Untitled",
        "transform" : [
          0.8430694,
          1.6472315e-08,
          -0.537805,
          0,
          -0.0112288045,
          0.999782,
          -0.01760236,
          0,
          0.5376878,
          0.020878881,
          0.84288555,
          0,
          0.25536728,
          0.6964516,
          -0.10904744,
          1
        ]
      },
      {
        "date" : 764446714.799384,
        "title" : "Untitled",
        "transform" : [
          0.8206704,
          2.1106965e-08,
          -0.57140195,
          0,
          -0.27524137,
          0.87633896,
          -0.3953127,
          0,
          0.50074184,
          0.48169488,
          0.7191855,
          0,
          0.24151999,
          0.9131844,
          -0.16193283,
          1
        ]
      },
      {
        "date" : 764446701.145984,
        "title" : "Untitled",
        "transform" : [
          0.9827445,
          2.5607457e-08,
          -0.18496852,
          0,
          -0.053645752,
          0.9570186,
          -0.28502178,
          0,
          0.1770183,
          0.29002637,
          0.9405048,
          0,
          0.08828792,
          0.82264805,
          -0.058149815,
          1
        ]
      },
      {
        "date" : 764446655.02142,
        "title" : "Untitled",
        "transform" : [
          0.98887116,
          2.7397348e-08,
          -0.14877473,
          0,
          -0.079513334,
          0.8451972,
          -0.52850664,
          0,
          0.12574397,
          0.5344545,
          0.8357912,
          0,
          0.064729825,
          0.9382247,
          -0.103606336,
          1
        ]
      },
      {
        "date" : 764446651.422834,
        "title" : "Untitled",
        "transform" : [
          0.98887116,
          2.7806175e-08,
          -0.14877471,
          0,
          -0.07951333,
          0.8451972,
          -0.52850664,
          0,
          0.12574396,
          0.5344545,
          0.8357912,
          0,
          0.06472978,
          0.93822455,
          -0.10360633,
          1
        ]
      },
      {
        "date" : 764445249.973477,
        "title" : "Untitled",
        "transform" : [
          0.9888711,
          3.1464893e-08,
          -0.14877468,
          0,
          -0.07951331,
          0.84519726,
          -0.5285066,
          0,
          0.12574396,
          0.5344544,
          0.83579123,
          0,
          0.049221873,
          0.830003,
          -0.2755617,
          1
        ]
      }
    ]
  },
  "sceneViewportBackgroundColors" : {

  },
  "selectedSceneRelativePath" : "BubbleScene.usda"
}