{
  "advancedEditorSelectedIdentifier" : "StatisticsPluginID",
  "openSceneRelativePaths" : [
    "BubbleScene.usda"
  ],
  "recentIdentifiers" : {
    "4B05D599-8687-4415-BC8D-742A739029AA" : [

    ],
    "51BF2572-BC8A-4D8A-B537-AF913BFFA638" : [

    ]
  },
  "sceneCameraHistory" : {
    "4B05D599-8687-4415-BC8D-742A739029AA" : [
      {
        "date" : 764712115.409306,
        "title" : "Untitled",
        "transform" : [
          0.98913485,
          3.0211336e-09,
          -0.14701079,
          0,
          -0.0548008,
          0.927925,
          -0.36871704,
          0,
          0.13641497,
          0.37276718,
          0.917843,
          0,
          0.07440758,
          0.8630855,
          -0.04910879,
          1
        ]
      },
      {
        "date" : 764712008.168159,
        "title" : "Untitled",
        "transform" : [
          0.9891348,
          4.6335868e-10,
          -0.14701077,
          0,
          -0.054800797,
          0.92792493,
          -0.368717,
          0,
          0.13641495,
          0.37276724,
          0.91784286,
          0,
          0.032172672,
          0.78739786,
          -0.25639772,
          1
        ]
      },
      {
        "date" : 764712006.900809,
        "title" : "Untitled",
        "transform" : [
          0.9978637,
          4.541425e-10,
          0.06533007,
          0,
          0.028693479,
          0.8983856,
          -0.4382695,
          0,
          -0.058691602,
          0.4392078,
          0.8964663,
          0,
          -0.019573841,
          0.8050191,
          -0.26208532,
          1
        ]
      },
      {
        "date" : 764712005.161936,
        "title" : "Untitled",
        "transform" : [
          0.9978637,
          4.541425e-10,
          0.06533007,
          0,
          0.028693475,
          0.89838547,
          -0.43826944,
          0,
          -0.058691595,
          0.43920773,
          0.8964662,
          0,
          -0.0827493,
          1.2777804,
          0.7028686,
          1
        ]
      },
      {
        "date" : 764711534.797905,
        "title" : "Untitled",
        "transform" : [
          0.9923077,
          4.6297577e-10,
          0.12379538,
          0,
          0.017964141,
          0.9894152,
          -0.14399531,
          0,
          -0.12248505,
          0.14511156,
          0.98180443,
          0,
          -0.16790351,
          0.88363296,
          0.813643,
          1
        ]
      },
      {
        "date" : 764711532.676871,
        "title" : "Untitled",
        "transform" : [
          0.9923077,
          4.6297577e-10,
          0.12379538,
          0,
          0.017964141,
          0.9894152,
          -0.14399531,
          0,
          -0.12248505,
          0.14511156,
          0.98180443,
          0,
          -0.048469305,
          0.74213576,
          -0.14370728,
          1
        ]
      },
      {
        "date" : 764711530.164474,
        "title" : "Untitled",
        "transform" : [
          0.9923078,
          -1.2990142e-10,
          0.12379539,
          0,
          0.017964138,
          0.98941535,
          -0.14399533,
          0,
          -0.122485064,
          0.14511155,
          0.98180443,
          0,
          -0.6610631,
          3.3943527,
          10.090684,
          1
        ]
      },
      {
        "date" : 764603478.939144,
        "title" : "Untitled",
        "transform" : [
          0.9923078,
          -1.2990142e-10,
          0.12379539,
          0,
          0.017964138,
          0.98941535,
          -0.14399533,
          0,
          -0.122485064,
          0.14511155,
          0.98180443,
          0,
          -0.07721594,
          0.68901885,
          -0.33037806,
          1
        ]
      },
      {
        "date" : 764603477.231014,
        "title" : "Untitled",
        "transform" : [
          0.9923078,
          -1.2990142e-10,
          0.12379539,
          0,
          0.017964138,
          0.98941535,
          -0.14399533,
          0,
          -0.122485064,
          0.14511155,
          0.98180443,
          0,
          -0.06440521,
          0.6412784,
          -0.32172385,
          1
        ]
      },
      {
        "date" : 764603473.273469,
        "title" : "Untitled",
        "transform" : [
          0.9923078,
          -1.2990142e-10,
          0.12379539,
          0,
          0.017964138,
          0.98941535,
          -0.14399533,
          0,
          -0.122485064,
          0.14511155,
          0.98180443,
          0,
          0.0055143796,
          0.8473356,
          -0.29213747,
          1
        ]
      }
    ],
    "51BF2572-BC8A-4D8A-B537-AF913BFFA638" : [
      {
        "date" : 764447186.327789,
        "title" : "Untitled",
        "transform" : [
          0.79340583,
          8.3263965e-09,
          -0.60869294,
          0,
          -0.30937296,
          0.8612049,
          -0.40325475,
          0,
          0.5242094,
          0.5082578,
          0.6832851,
          0,
          0.6947103,
          0.9345511,
          0.15352927,
          1
        ]
      },
      {
        "date" : 764447182.729272,
        "title" : "Untitled",
        "transform" : [
          0.79340595,
          8.326397e-09,
          -0.608693,
          0,
          -0.30937296,
          0.8612049,
          -0.40325475,
          0,
          0.5242094,
          0.5082578,
          0.6832851,
          0,
          0.6931902,
          0.93307734,
          0.15154791,
          1
        ]
      },
      {
        "date" : 764447135.347112,
        "title" : "Untitled",
        "transform" : [
          0.80212486,
          2.1352456e-08,
          0.59715647,
          0,
          0.30971482,
          0.85498697,
          -0.41602162,
          0,
          -0.510561,
          0.51864946,
          0.6858063,
          0,
          -0.23838913,
          0.93071735,
          -0.17135265,
          1
        ]
      },
      {
        "date" : 764447044.683151,
        "title" : "Untitled",
        "transform" : [
          0.9520719,
          2.2630807e-08,
          -0.305874,
          0,
          -0.18780808,
          0.7893024,
          -0.5845766,
          0,
          0.2414271,
          0.6140046,
          0.7514728,
          0,
          0.1199809,
          0.9760989,
          -0.1430085,
          1
        ]
      },
      {
        "date" : 764447042.204359,
        "title" : "Untitled",
        "transform" : [
          0.8430694,
          1.6472315e-08,
          -0.537805,
          0,
          -0.0112288045,
          0.999782,
          -0.01760236,
          0,
          0.5376878,
          0.020878881,
          0.84288555,
          0,
          0.25536728,
          0.6964516,
          -0.10904744,
          1
        ]
      },
      {
        "date" : 764446714.799384,
        "title" : "Untitled",
        "transform" : [
          0.8206704,
          2.1106965e-08,
          -0.57140195,
          0,
          -0.27524137,
          0.87633896,
          -0.3953127,
          0,
          0.50074184,
          0.48169488,
          0.7191855,
          0,
          0.24151999,
          0.9131844,
          -0.16193283,
          1
        ]
      },
      {
        "date" : 764446701.145984,
        "title" : "Untitled",
        "transform" : [
          0.9827445,
          2.5607457e-08,
          -0.18496852,
          0,
          -0.053645752,
          0.9570186,
          -0.28502178,
          0,
          0.1770183,
          0.29002637,
          0.9405048,
          0,
          0.08828792,
          0.82264805,
          -0.058149815,
          1
        ]
      },
      {
        "date" : 764446655.02142,
        "title" : "Untitled",
        "transform" : [
          0.98887116,
          2.7397348e-08,
          -0.14877473,
          0,
          -0.079513334,
          0.8451972,
          -0.52850664,
          0,
          0.12574397,
          0.5344545,
          0.8357912,
          0,
          0.064729825,
          0.9382247,
          -0.103606336,
          1
        ]
      },
      {
        "date" : 764446651.422834,
        "title" : "Untitled",
        "transform" : [
          0.98887116,
          2.7806175e-08,
          -0.14877471,
          0,
          -0.07951333,
          0.8451972,
          -0.52850664,
          0,
          0.12574396,
          0.5344545,
          0.8357912,
          0,
          0.06472978,
          0.93822455,
          -0.10360633,
          1
        ]
      },
      {
        "date" : 764445249.973477,
        "title" : "Untitled",
        "transform" : [
          0.9888711,
          3.1464893e-08,
          -0.14877468,
          0,
          -0.07951331,
          0.84519726,
          -0.5285066,
          0,
          0.12574396,
          0.5344544,
          0.83579123,
          0,
          0.049221873,
          0.830003,
          -0.2755617,
          1
        ]
      }
    ]
  },
  "sceneViewportBackgroundColors" : {

  },
  "selectedSceneRelativePath" : "BubbleScene.usda"
}