{
  "advancedEditorSelectedIdentifier" : "ProjectBrowser",
  "openSceneRelativePaths" : [
    "PortalBoxScene.usda",
    "Untitled Scene.usda"
  ],
  "recentIdentifiers" : {
    "7523B887-04F7-4542-9A6C-A6333862A22C" : [

    ]
  },
  "sceneCameraHistory" : {
    "7523B887-04F7-4542-9A6C-A6333862A22C" : [
      {
        "date" : 764247824.346984,
        "title" : "Untitled",
        "transform" : [
          -0.9522623,
          3.3367915e-09,
          0.30528072,
          0,
          0.0047593643,
          0.99987847,
          0.014845921,
          0,
          -0.3052436,
          0.0155901965,
          -0.95214665,
          0,
          -0.14361446,
          0.007460098,
          -0.44805473,
          1
        ]
      },
      {
        "date" : 764247822.588104,
        "title" : "Untitled",
        "transform" : [
          -0.70303243,
          2.7484717e-09,
          0.7111577,
          0,
          0.40304363,
          0.8238946,
          0.39843872,
          0,
          -0.585919,
          0.56674296,
          -0.57922465,
          0,
          -0.2756478,
          0.2667929,
          -0.27253187,
          1
        ]
      },
      {
        "date" : 764247820.419341,
        "title" : "Untitled",
        "transform" : [
          -0.8822783,
          3.9650603e-09,
          0.47072798,
          0,
          0.020976353,
          0.99900675,
          0.039315682,
          0,
          -0.4702604,
          0.044561572,
          -0.8814019,
          0,
          -0.22126564,
          0.021092977,
          -0.41476545,
          1
        ]
      },
      {
        "date" : 764247805.379185,
        "title" : "Untitled",
        "transform" : [
          -0.9949056,
          5.813167e-10,
          0.100810565,
          0,
          0.02688077,
          0.9637944,
          0.26528803,
          0,
          -0.097160675,
          0.26664641,
          -0.9588846,
          0,
          -0.005881062,
          -0.011290055,
          -0.13676344,
          1
        ]
      },
      {
        "date" : 764247797.056996,
        "title" : "Untitled",
        "transform" : [
          -0.99538094,
          2.3082793e-09,
          -0.096003994,
          0,
          -0.002123259,
          0.99975544,
          0.022014234,
          0,
          0.09598051,
          0.0221164,
          -0.9951375,
          0,
          0.020342076,
          -0.04446555,
          -0.12824482,
          1
        ]
      },
      {
        "date" : 764247783.516699,
        "title" : "Untitled",
        "transform" : [
          -0.9889489,
          1.777902e-09,
          0.1482567,
          0,
          0.04716844,
          0.9480391,
          0.3146379,
          0,
          -0.14055316,
          0.31815386,
          -0.9375623,
          0,
          -0.18560708,
          -0.0983858,
          -0.1649597,
          1
        ]
      },
      {
        "date" : 764247774.814692,
        "title" : "Untitled",
        "transform" : [
          -0.9958007,
          1.8333912e-09,
          0.091547795,
          0,
          0.03522796,
          0.9229983,
          0.38318813,
          0,
          -0.08449846,
          0.38480404,
          -0.91912234,
          0,
          -0.0013343152,
          -0.07375843,
          -0.45538574,
          1
        ]
      },
      {
        "date" : 764247770.397756,
        "title" : "Untitled",
        "transform" : [
          -0.998992,
          0.0002495406,
          -0.044885993,
          0,
          -0.002659387,
          0.99789894,
          0.06473492,
          0,
          0.04480775,
          0.064788856,
          -0.9968925,
          0,
          0.012759128,
          -0.10591197,
          -0.75221795,
          1
        ]
      },
      {
        "date" : 764247766.783325,
        "title" : "Untitled",
        "transform" : [
          -0.99776113,
          0.00024954102,
          -0.06687756,
          0,
          0.005598857,
          0.9967942,
          -0.07981172,
          0,
          0.066643156,
          -0.080007665,
          -0.994564,
          0,
          0.027746338,
          -0.21341065,
          -0.7286275,
          1
        ]
      },
      {
        "date" : 764247760.998618,
        "title" : "Untitled",
        "transform" : [
          -0.992773,
          0.00024953912,
          0.12000722,
          0,
          0.024380192,
          0.97956365,
          0.19965121,
          0,
          -0.117505,
          0.20113397,
          -0.9724905,
          0,
          -0.111979894,
          -0.0016957759,
          -0.75144506,
          1
        ]
      }
    ]
  },
  "sceneViewportBackgroundColors" : {

  },
  "selectedSceneRelativePath" : "Untitled Scene.usda"
}