{
  "advancedEditorSelectedIdentifier" : "ProjectBrowser",
  "openSceneRelativePaths" : [
    "Untitled Scene.usda"
  ],
  "recentIdentifiers" : {
    "7523B887-04F7-4542-9A6C-A6333862A22C" : [

    ]
  },
  "sceneCameraHistory" : {
    "7523B887-04F7-4542-9A6C-A6333862A22C" : [
      {
        "date" : 764162542.161188,
        "title" : "Untitled",
        "transform" : [
          0.04602818,
          3.328137e-05,
          0.99894017,
          0,
          0.38739637,
          0.92173994,
          -0.017880773,
          0,
          -0.92076355,
          0.38780874,
          0.04241308,
          0,
          -0.43379015,
          0.4774538,
          0.54304695,
          1
        ]
      },
      {
        "date" : 764162530.604136,
        "title" : "Untitled",
        "transform" : [
          0.0460284,
          3.3230783e-05,
          0.99894017,
          0,
          0.38739628,
          0.9217398,
          -0.017880805,
          0,
          -0.9207635,
          0.38780868,
          0.042413365,
          0,
          -0.15689132,
          0.05161276,
          0.5079284,
          1
        ]
      },
      {
        "date" : 764162525.043907,
        "title" : "Untitled",
        "transform" : [
          -0.9477709,
          3.3233762e-05,
          0.31895208,
          0,
          0.104299456,
          0.9450543,
          0.30982897,
          0,
          -0.30141664,
          0.32691345,
          -0.8956984,
          0,
          -0.048999947,
          0.041976504,
          -0.646849,
          1
        ]
      },
      {
        "date" : 764162520.636625,
        "title" : "Untitled",
        "transform" : [
          0.9867799,
          3.323302e-05,
          0.16206606,
          0,
          0.050725203,
          0.9496927,
          -0.3090479,
          0,
          -0.15392323,
          0.31318313,
          0.93713605,
          0,
          -0.02557678,
          0.039728582,
          -0.34671885,
          1
        ]
      },
      {
        "date" : 764162511.881321,
        "title" : "Untitled",
        "transform" : [
          0.9867799,
          3.323302e-05,
          0.16206606,
          0,
          0.050725203,
          0.9496927,
          -0.3090479,
          0,
          -0.15392323,
          0.31318313,
          0.93713605,
          0,
          -0.0255768,
          0.5397286,
          0.15328112,
          1
        ]
      },
      {
        "date" : 764162510.253026,
        "title" : "Untitled",
        "transform" : [
          0.9867799,
          3.323302e-05,
          0.16206606,
          0,
          0.050725203,
          0.9496927,
          -0.3090479,
          0,
          -0.15392323,
          0.31318313,
          0.93713605,
          0,
          0.47442317,
          0.039728515,
          0.15328108,
          1
        ]
      },
      {
        "date" : 764162508.18647,
        "title" : "Untitled",
        "transform" : [
          0.9867799,
          3.323302e-05,
          0.16206606,
          0,
          0.050725203,
          0.9496927,
          -0.3090479,
          0,
          -0.15392323,
          0.31318313,
          0.93713605,
          0,
          -0.5255768,
          0.039728515,
          0.15328108,
          1
        ]
      },
      {
        "date" : 764162502.789676,
        "title" : "Untitled",
        "transform" : [
          0.9867799,
          3.323302e-05,
          0.16206606,
          0,
          0.050725203,
          0.9496927,
          -0.3090479,
          0,
          -0.15392323,
          0.31318313,
          0.93713605,
          0,
          -0.025576789,
          0.039728515,
          0.15328106,
          1
        ]
      },
      {
        "date" : 764162430.539178,
        "title" : "Untitled",
        "transform" : [
          0.9867799,
          3.323302e-05,
          0.16206606,
          0,
          0.050725203,
          0.9496927,
          -0.3090479,
          0,
          -0.15392323,
          0.31318313,
          0.93713605,
          0,
          -0.025576793,
          0.039728507,
          0.15328106,
          1
        ]
      },
      {
        "date" : 764162402.673962,
        "title" : "Untitled",
        "transform" : [
          0.9867799,
          3.3230626e-05,
          0.16206606,
          0,
          0.0507252,
          0.9496927,
          -0.30904788,
          0,
          -0.15392323,
          0.3131831,
          0.93713605,
          0,
          -0.025576787,
          0.039728504,
          0.15328106,
          1
        ]
      }
    ]
  },
  "sceneViewportBackgroundColors" : {

  },
  "selectedSceneRelativePath" : "Untitled Scene.usda"
}