{
  "advancedEditorSelectedIdentifier" : "ProjectBrowser",
  "openSceneRelativePaths" : [
    "Immersive.usda"
  ],
  "recentIdentifiers" : {

  },
  "sceneCameraHistory" : {
    "AF09ED6F-1707-48FD-8720-65B998362C09" : [
      {
        "date" : 764106680.478977,
        "title" : "Untitled",
        "transform" : [
          0.9945787,
          -2.8927177e-08,
          -0.10398776,
          0,
          -0.012254142,
          0.99303234,
          -0.117203034,
          0,
          0.1032633,
          0.1178419,
          0.98764867,
          0,
          0.03741786,
          -0.08372519,
          0.58608496,
          1
        ]
      },
      {
        "date" : 764106675.075301,
        "title" : "Untitled",
        "transform" : [
          0.5451747,
          -1.0682134e-08,
          -0.83832246,
          0,
          -0.24051428,
          0.9579607,
          -0.15641035,
          0,
          0.80307996,
          0.28689945,
          0.5222559,
          0,
          0.49815035,
          0.01994995,
          0.3522626,
          1
        ]
      },
      {
        "date" : 764106670.692084,
        "title" : "Untitled",
        "transform" : [
          -0.012971279,
          1.4077646e-08,
          -0.99991584,
          0,
          -0.8243526,
          0.5659756,
          0.010693795,
          0,
          0.565928,
          0.82442194,
          -0.007341462,
          0,
          0.52522975,
          0.42015338,
          0.016919184,
          1
        ]
      },
      {
        "date" : 764106655.695311,
        "title" : "Untitled",
        "transform" : [
          0.9647144,
          7.788259e-11,
          -0.26329863,
          0,
          -0.11522502,
          0.89915943,
          -0.42217937,
          0,
          0.23674746,
          0.43762106,
          0.86743206,
          0,
          0.13892609,
          0.119307816,
          0.5991472,
          1
        ]
      },
      {
        "date" : 764106636.615276,
        "title" : "Untitled",
        "transform" : [
          0.99805635,
          -1.2328643e-09,
          -0.06231787,
          0,
          -0.03783384,
          0.7946173,
          -0.6059306,
          0,
          0.04951886,
          0.6071106,
          0.7930729,
          0,
          0.012505965,
          0.23891926,
          0.58109003,
          1
        ]
      },
      {
        "date" : 764106632.438388,
        "title" : "Untitled",
        "transform" : [
          1,
          0,
          0,
          0,
          0,
          0.7071069,
          -0.70710677,
          0,
          0,
          0.70710677,
          0.7071069,
          0,
          0,
          0.42887184,
          0.42887193,
          1
        ]
      }
    ]
  },
  "sceneViewportBackgroundColors" : {

  }
}