{
  "advancedEditorSelectedIdentifier" : "ProjectBrowser",
  "openSceneRelativePaths" : [
    "Immersive.usda",
    "Scene.usda"
  ],
  "recentIdentifiers" : {
    "AF09ED6F-1707-48FD-8720-65B998362C09" : [

    ],
    "D66134B1-3681-4A8E-AFE5-29F257229F3B" : [

    ]
  },
  "sceneCameraHistory" : {
    "AF09ED6F-1707-48FD-8720-65B998362C09" : [
      {
        "date" : 763746976.808243,
        "title" : "Untitled",
        "transform" : [
          0.9971388,
          -1.296443e-08,
          -0.0755915,
          0,
          -0.04389265,
          0.814149,
          -0.5789946,
          0,
          0.061542794,
          0.58065593,
          0.8118196,
          0,
          -3.576928,
          4.1491294,
          6.1571784,
          1
        ]
      },
      {
        "date" : 763746968.084803,
        "title" : "Untitled",
        "transform" : [
          0.7796874,
          -1.2343756e-08,
          0.6261689,
          0,
          0.16804948,
          0.9633139,
          -0.20925036,
          0,
          -0.60319716,
          0.26837724,
          0.75108373,
          0,
          -7.4843726,
          1.9001255,
          2.8799694,
          1
        ]
      },
      {
        "date" : 763746882.547372,
        "title" : "Untitled",
        "transform" : [
          0.77968746,
          -4.4913193e-09,
          0.62616897,
          0,
          0.16804951,
          0.96331394,
          -0.20925039,
          0,
          -0.6031972,
          0.26837727,
          0.75108373,
          0,
          -2.5949674,
          0.5985164,
          -0.5303324,
          1
        ]
      },
      {
        "date" : 763746866.347242,
        "title" : "Untitled",
        "transform" : [
          0.92961234,
          0.00021061272,
          0.36853865,
          0,
          0.027887918,
          0.9970924,
          -0.07091516,
          0,
          -0.36748195,
          0.076201364,
          0.9269036,
          0,
          -1.5923986,
          0.09315864,
          -0.30702174,
          1
        ]
      },
      {
        "date" : 763746824.73146,
        "title" : "Untitled",
        "transform" : [
          0.42690384,
          0.00021061208,
          0.90429693,
          0,
          0.14686672,
          0.98670727,
          -0.06956321,
          0,
          -0.892291,
          0.16250792,
          0.42119828,
          0,
          -1.2680321,
          0.07961327,
          -1.6442181,
          1
        ]
      },
      {
        "date" : 763746680.196504,
        "title" : "Untitled",
        "transform" : [
          0.42690384,
          0.00021061208,
          0.90429693,
          0,
          0.14686672,
          0.98670727,
          -0.06956321,
          0,
          -0.892291,
          0.16250792,
          0.42119828,
          0,
          -1.2690444,
          0.08067119,
          -1.646771,
          1
        ]
      },
      {
        "date" : 763746625.512427,
        "title" : "Untitled",
        "transform" : [
          0.43518215,
          0.00021061495,
          0.9003424,
          0,
          0.29157653,
          0.94607526,
          -0.14115536,
          0,
          -0.8518214,
          0.323947,
          0.4116537,
          0,
          -0.9544374,
          0.1619389,
          -1.7805424,
          1
        ]
      },
      {
        "date" : 763746623.331276,
        "title" : "Untitled",
        "transform" : [
          0.43518215,
          0.00021061495,
          0.9003424,
          0,
          0.29157653,
          0.94607526,
          -0.14115536,
          0,
          -0.8518214,
          0.323947,
          0.4116537,
          0,
          -1.3929999,
          0.32872382,
          -1.5686016,
          1
        ]
      },
      {
        "date" : 763746616.471762,
        "title" : "Untitled",
        "transform" : [
          0.4531862,
          0.00021061495,
          0.8914159,
          0,
          0.2886812,
          0.94607526,
          -0.14698595,
          0,
          -0.8433775,
          0.323947,
          0.42868748,
          0,
          -0.62586,
          0.037351355,
          -1.9368968,
          1
        ]
      },
      {
        "date" : 763746600.372036,
        "title" : "Untitled",
        "transform" : [
          0.9948659,
          0.00021061172,
          -0.101201355,
          0,
          -0.035054073,
          0.9388099,
          -0.34264737,
          0,
          0.09493671,
          0.34443572,
          0.93399733,
          0,
          0.018765584,
          0.064202435,
          0.15525703,
          1
        ]
      }
    ],
    "D66134B1-3681-4A8E-AFE5-29F257229F3B" : [
      {
        "date" : 763740257.101535,
        "title" : "Untitled",
        "transform" : [
          0.999973,
          -5.4497007e-10,
          0.0073420755,
          0,
          0.0027699478,
          0.9261031,
          -0.37726045,
          0,
          -0.006799515,
          0.3772707,
          0.9260781,
          0,
          -0.006815431,
          0.37815362,
          0.9282455,
          1
        ]
      }
    ]
  },
  "sceneViewportBackgroundColors" : {

  },
  "selectedSceneRelativePath" : "Immersive.usda"
}